<!DOCTYPE html>
<html>
<head>
  <title>My Life</title>
  <style>
    body {
      margin: 0;
      font-family: Arial;
      background: black;
      color: white;
      text-align: center;
    }
    header {
      padding: 40px;
      font-size: 28px;
    }
  </style>
</head>
<body>

<header>you'll see my life</header>

<p>00101110 00101110 00101110 00101110 00100000 00101110 00101110 00101110 00101110 00100000 00101101 00101101 00101101 00100000 00101101 00101101 00101110 00101110 00101101 00101101 00100000 00110001 00100000 00101110 00101101 00100000 00101101 00101101 00101101 00100000 00101110 00101101 00101110 00101110 00100000 00110001 00100000 00101101 00101101 00101101 00100000 00101110 00101110 00101110 00101110 00100000 00101110 00101110 00101110 00100000 00101110 00101110 00101110 00101101 00100000 00110001 00100000 00101110 00101101 00101110 00101110 00100000 00101101 00101101 00100000 00101101 00101101 00100000 00101110 00101101 00101110 00101110 00100000 00101110 00101101 00101101 00101101 00100000 00101110 00101101 00100000 00101101 00101101 00101110 00101110 00101101 00101101 00100000 00110001 00100000 00101101 00101110 00101110 00100000 00101110 00101110 00101110 00101101 00100000 00101101 00101110 00101110 00101110 00100000 00101110 00101110 00101110 00100000 00101101 00101110 00101101 00100000 00110001 00100000 00101110 00101110 00100000 00101110 00101101 00101110 00101110 00100000 00110001 00100000 00101110 00101101 00101101 00101101 00100000 00101110 00101110 00101110 00101101 00100000 00101110 00101110 00101101 00100000 00101110 00101101 00100000 00101101 00101110 00101101 00101101 00100000 00101110 00101110 00101110 00101101 00100000 00101110 00101110 00101110 00100000 00101110 00101110 00101110 00100000 00101110 00101101 00101101 00101110 00100000 00101110 00101110 00101101 00100000 00101101 00101110 00100000 00110001 00100000 00101110 00101101 00100000 00101110 00101110 00101110 00101101 00100000 00110001 00100000 00101110 00101110 00100000 00101110 00101101 00101110 00101110 00100000 00101110 00101110 00101110 00101110 00100000 00101101 00101110 00101110 00101110 00100000 00101110 00101101 00100000 00101110 00101101 00101101 00101110 00100000 00101101 00101101 00100000 00101101 00101110 00101110 00101110 00100000 00101110 00101110 00101110 00100000 00110001 00100000 00101101 00101110 00101110 00100000 00101110 00101110 00101110 00101101 00100000 00101101 00100000 00101110 00101101 00101110 00101110 00100000 00101110 00101110 00101101 00100000 00101101 00101101 00101110 00101110 00101101 00101101 00100000 00110001 00100000 00101110 00101110 00100000 00101101 00101110 00101110 00101110 00100000 00101110 00101101 00100000 00110001 00100000 00101110 00101110 00101101 00100000 00101110 00101110 00101110 00101101 00100000 00101110 00101101 00100000 00110001 00100000 00101101 00101101 00100000 00101110 00101110 00101110 00101101 00100000 00101101 00101110 00101101 00101101 00100000 00110001 00100000 00101101 00100000 00101110 00101101 00101110 00101110 00100000 00101110 00101110 00101101 00100000 00101101 00101101 00101110 00101110 00101101 00101101 00100000 00110001 00100000 00101101 00101110 00101110 00100000 00101101 00101101 00101101 00100000 00101110 00101110 00101101 00101110 00100000 00110001 00100000 00101101 00101110 00101110 00100000 00101101 00101101 00101101 00100000 00101110 00101110 00101101 00101110 00100000 00110001 00100000 00101101 00101110 00101110 00100000 00101101 00101101 00101101 00100000 00101110 00101110 00101101 00101110 00100000 00110001 00100000 00101110 00101101 00100000 00101101 00101101 00101101 00100000 00101110 00101101 00101101 00101110 00100000 00101101 00101101 00101110 00101110 00100000 00110001 00100000 00101101 00101110 00101110 00100000 00101110 00101110 00101110 00101101 00100000 00101101 00100000 00101110 00101110 00101110 00101110 00100000 00101110 00101110 00101101 00100000 00110001 00100000 00101110 00101110 00101101 00100000 00101110 00101110 00101110 00101110 00100000 00101101 00100000 00101110 00101101 00101110 00101110 00100000 00101101 00101110 00101101 00100000 00110001 00100000 00101101 00101101 00101110 00101110 00100000 00101110 00101101 00101110 00100000 00101110 00101110 00101101 00101110 00100000 00101110 00101101 00101110 00101110 00100000 00110001 00100000 00101110 00101101 00100000 00101110 00101110 00101110 00101101 00100000 00101110 00101110 00101110 00101101 00100000 00101110 00101101 00101110 00100000 00110001 00100000 00101110 00101110 00101110 00101110 00100000 00101101 00101110 00101101 00100000 00101101 00101110 00101101 00101110 00100000 00101110 00101110 00101110 00101110 00100000 00101110 00101110 00101101 00100000 00101110 00101101 00100000 00101110 00101110 00101110 00101110 00100000 00101101 00101110 00100000 00101110 00101101 00101110 00101110 00100000 00110001 00100000 00101110 00101110 00101110 00101101 00100000 00101101 00101101 00100000 00110001 00100000 00101110 00101101 00101101 00101110 00100000 00101110 00101101 00100000 00110001 00100000 00101110 00101110 00101110 00101110 00100000 00101110 00101110 00101101 00100000 00101101 00101110 00101101 00100000 00110001 00100000 00101101 00100000 00101110 00101110 00101110 00101110 00100000 00101110 00101101 00101101 00101110 00100000 00101110 00101110 00101101 00100000 00110001 00100000 00101110 00101101 00101101 00101101 00100000 00101101 00101101 00101101 00100000 00101110 00101110 00101110 00101110 00100000 00101101 00101110 00101101 00101101 00100000 00101110 00101110 00101110 00101110 00100000 00101110 00101101 00101101 00101101 00100000 00101110 00101101 00100000 00101110 00101101 00101110 00101110 00100000 00101101 00101110 00101101 00101101 00100000 00110001 00100000 00101101 00101101 00101110 00101110 00100000 00101110 00101110 00101101 00101110 00100000 00101110 00101110 00101101 00100000 00101101 00101110 00101101 00100000 00101101 00101110 00101101 00101101 00100000 00101110 00101110 00101110 00101101 00100000 00101101 00100000 00101110 00101101 00101110 00101110 00100000 00101110 00101110 00101101 00101101 00101110 00101110 00100000 00110001 00100000 00101110 00101110 00101101 00100000 00101110 00101110 00101110 00101101 00100000 00101110 00101110 00101101 00100000 00101101 00101110 00101110 00101110 00101110 00101101 00100000 00101110 00101101 00101110 00101110 00100000 00101110 00100000 00101110 00101101 00101101 00101110 00100000 00101101 00101101 00101110 00101110 00100000 00101110 00101101 00100000 00101110 00101101 00101110 00101110 00100000 00101110 00101110 00101101 00100000 00101110 00101101 00100000 00110001 00100000 00101110 00101101 00100000 00101110 00101110 00101110 00101101 00100000 00110001 00100000 00101101 00101101 00101101 00100000 00101110 00101101 00101110 00101110 00100000 00101101 00101110 00101101 00101101 00100000 00110001 00100000 00101110 00101110 00101110 00100000 00101110 00101101 00101101 00101110 00100000 00101101 00101101 00100000 00101110 00101101 00101110 00101110 00100000 00101110 00101110 00101101 00101101 00101110 00101110 00100000 00110001 00100000 00101101 00101110 00100000 00101110 00101110 00101110 00101101 00100000 00101101 00101110 00101101 00100000 00110001 00100000 00101110 00101101 00101110 00100000 00101110 00101110 00101101 00100000 00101110 00101110 00101110 00101101 00100000 00101101 00101110 00101110 00100000 00101101 00101101 00101110 00101110 00100000 00110001 00100000 00101101 00101110 00101110 00100000 00101101 00101101 00101101 00100000 00101110 00101110 00101110 00101110 00100000 00101110 00101101 00100000 00110001 00100000 00101101 00101101 00101101 00100000 00101110 00101101 00101110 00101110 00100000 00110001 00100000 00101101 00100000 00101110 00101110 00101110 00101110 00100000 00101101 00101110 00101101 00100000 00101110 00101101 00101110 00101110 00100000 00101101 00101110 00101101 00101110 00101101 00101101</p>

</body>
</html>
